Stations,AC,ACO,AMA,AMF,AMFGA,AMFVA,AML,AMRI,APD,APDA,APDO,APG,ASB,ASD,ASDM,ASDWPL,ASHD,ASS,ASSP,ASW,AWH,AWHVG,BD,BH,BHV,BKL,BKLA,BLL,BLOA,BN,BNV,BNVA,BOT,BRD,BRDA,BRDVA,BRGND,BRGRO,BRN,BRNA,BRPPD,BSMZ,BV,BVHC,CL,CPS,CRAO,CRAW,DDM,DGRW,DLD,DMN,DMNZ,DRH,DV,DVC,DVGE,ERP,GD,GDG,GDM,GPDA,GZ,HBTH,HDL,HGL,HGLO,HLM,HLMS,HMLA,HMLBA,HON,HSAL,HT,HTDA,HTN,HTNC,HVL,HVS,HVSM,HWZB,KFH,KFHAN,KFHAZ,KV,LEK,MBTWAN,MBTWAZ,MDA,MDO,MDSA,MVT,NDB,NWK,ODS,ODZ,OZBM,PS,RHEINE,RLB,RSN,RTA,RTB,RTD,RTN,RTNG,RTNGO,RTNGW,RTST,RTZ,RWHV,SALZBERGEN,SBG,SDN,SPA,SPTN,SPTZ,STO,TB,TBGE,TBI,TBR,TBU,TWL,UT,UTLN,UTO,UTOA,UTVR,UTZA,VGA,VSPA,VTBR,WD,WDN,WGMO,WGMW,WP,ZBM
AC,0.0,1.0,29.0,45.0,29.0,29.0,142.0,144.0,88.0,69.0,91.0,251.0,5.0,15.0,11.0,14.0,4.0,19.0,12.0,,16.0,16.0,115.0,148.0,33.0,12.0,12.0,37.0,22.0,151.0,44.0,44.0,64.0,82.0,54.0,54.0,50.0,49.0,38.0,23.0,52.0,26.0,44.0,32.0,42.0,60.0,14.0,13.0,7.0,12.0,36.0,14.0,9.0,42.0,103.0,107.0,81.0,67.0,47.0,44.0,50.0,6.0,105.0,148.0,62.0,151.0,153.0,34.0,33.0,20.0,18.0,122.0,161.0,72.0,68.0,32.0,33.0,51.0,31.0,30.0,26.0,57.0,56.0,56.0,8.0,38.0,50.0,51.0,36.0,37.0,6.0,75.0,25.0,56.0,12.0,162.0,57.0,60.0,167.0,78.0,129.0,61.0,72.0,71.0,66.0,49.0,48.0,49.0,76.0,75.0,57.0,161.0,161.0,26.0,83.0,41.0,39.0,282.0,94.0,80.0,119.0,99.0,95.0,98.0,24.0,28.0,27.0,21.0,25.0,25.0,72.0,5.0,6.0,31.0,137.0,7.0,9.0,16.0,59.0
ACO,1.0,0.0,28.0,29.0,28.0,28.0,114.0,115.0,67.0,68.0,70.0,172.0,5.0,13.0,11.0,15.0,4.0,17.0,10.0,,17.0,17.0,76.0,148.0,22.0,11.0,11.0,29.0,21.0,120.0,44.0,43.0,64.0,55.0,54.0,54.0,49.0,48.0,21.0,22.0,51.0,12.0,32.0,33.0,39.0,45.0,13.0,12.0,7.0,13.0,23.0,8.0,7.0,30.0,80.0,84.0,81.0,67.0,34.0,33.0,47.0,7.0,76.0,148.0,61.0,123.0,125.0,27.0,25.0,19.0,17.0,98.0,161.0,68.0,67.0,29.0,31.0,34.0,14.0,13.0,21.0,56.0,55.0,55.0,7.0,37.0,49.0,50.0,36.0,37.0,7.0,75.0,12.0,42.0,13.0,133.0,56.0,59.0,167.0,53.0,104.0,46.0,52.0,52.0,50.0,48.0,47.0,49.0,53.0,52.0,56.0,161.0,161.0,25.0,82.0,30.0,29.0,282.0,79.0,79.0,118.0,77.0,78.0,76.0,22.0,25.0,20.0,20.0,23.0,24.0,71.0,6.0,6.0,21.0,110.0,8.0,10.0,6.0,55.0
AMA,29.0,28.0,0.0,2.0,1.0,0.0,92.0,92.0,43.0,44.0,46.0,166.0,33.0,40.0,37.0,42.0,31.0,44.0,35.0,,44.0,44.0,73.0,125.0,10.0,24.0,24.0,57.0,13.0,97.0,17.0,17.0,78.0,63.0,63.0,63.0,50.0,41.0,8.0,7.0,55.0,18.0,60.0,61.0,24.0,56.0,16.0,18.0,32.0,39.0,7.0,34.0,33.0,58.0,57.0,60.0,58.0,84.0,46.0,44.0,30.0,30.0,69.0,125.0,45.0,99.0,101.0,55.0,53.0,28.0,26.0,75.0,138.0,51.0,50.0,18.0,19.0,8.0,14.0,15.0,49.0,63.0,63.0,63.0,24.0,22.0,31.0,33.0,49.0,50.0,31.0,93.0,20.0,54.0,39.0,109.0,39.0,72.0,143.0,63.0,82.0,59.0,64.0,65.0,64.0,61.0,60.0,62.0,63.0,63.0,68.0,138.0,138.0,4.0,59.0,58.0,57.0,306.0,68.0,68.0,92.0,68.0,68.0,52.0,18.0,17.0,16.0,16.0,17.0,17.0,54.0,33.0,27.0,32.0,88.0,33.0,36.0,28.0,38.0
AMF,45.0,29.0,2.0,0.0,2.0,2.0,97.0,99.0,43.0,42.0,46.0,206.0,42.0,45.0,41.0,43.0,43.0,49.0,40.0,,45.0,45.0,112.0,123.0,12.0,33.0,26.0,67.0,15.0,106.0,16.0,15.0,80.0,88.0,65.0,65.0,52.0,42.0,9.0,8.0,57.0,21.0,74.0,62.0,39.0,66.0,17.0,19.0,33.0,40.0,9.0,38.0,38.0,72.0,58.0,62.0,56.0,86.0,53.0,50.0,47.0,31.0,102.0,123.0,46.0,106.0,108.0,64.0,63.0,30.0,28.0,77.0,136.0,69.0,51.0,29.0,30.0,6.0,16.0,17.0,56.0,65.0,65.0,65.0,25.0,24.0,32.0,34.0,51.0,52.0,32.0,95.0,22.0,62.0,40.0,117.0,40.0,74.0,141.0,84.0,84.0,67.0,78.0,77.0,72.0,63.0,62.0,64.0,82.0,81.0,70.0,136.0,136.0,5.0,57.0,71.0,69.0,308.0,91.0,69.0,92.0,96.0,92.0,53.0,21.0,25.0,18.0,18.0,22.0,19.0,55.0,35.0,28.0,37.0,92.0,34.0,37.0,31.0,56.0
AMFGA,29.0,28.0,1.0,2.0,0.0,1.0,91.0,92.0,42.0,43.0,45.0,165.0,33.0,39.0,37.0,42.0,31.0,43.0,35.0,,44.0,44.0,74.0,124.0,11.0,25.0,25.0,56.0,13.0,96.0,17.0,16.0,78.0,64.0,64.0,64.0,51.0,42.0,7.0,7.0,56.0,18.0,59.0,61.0,25.0,57.0,16.0,17.0,32.0,38.0,8.0,34.0,33.0,58.0,56.0,60.0,57.0,84.0,47.0,45.0,31.0,30.0,70.0,124.0,46.0,99.0,101.0,55.0,53.0,28.0,27.0,74.0,137.0,52.0,51.0,19.0,20.0,7.0,14.0,15.0,48.0,64.0,64.0,64.0,24.0,23.0,33.0,34.0,49.0,50.0,31.0,94.0,19.0,55.0,39.0,109.0,40.0,73.0,142.0,64.0,81.0,59.0,65.0,66.0,64.0,62.0,61.0,63.0,64.0,64.0,69.0,137.0,137.0,4.0,58.0,58.0,57.0,306.0,69.0,69.0,93.0,69.0,69.0,52.0,18.0,18.0,16.0,17.0,18.0,18.0,55.0,33.0,27.0,32.0,87.0,33.0,36.0,27.0,39.0
AMFVA,29.0,28.0,0.0,2.0,1.0,0.0,92.0,92.0,43.0,44.0,46.0,166.0,33.0,40.0,37.0,42.0,31.0,44.0,35.0,,44.0,44.0,73.0,125.0,10.0,24.0,24.0,57.0,13.0,97.0,17.0,17.0,78.0,63.0,63.0,63.0,50.0,41.0,8.0,7.0,55.0,18.0,60.0,61.0,24.0,56.0,16.0,18.0,32.0,39.0,7.0,34.0,33.0,58.0,57.0,60.0,58.0,84.0,46.0,44.0,30.0,30.0,69.0,125.0,45.0,99.0,101.0,55.0,53.0,28.0,26.0,75.0,138.0,51.0,50.0,18.0,19.0,8.0,14.0,15.0,49.0,63.0,63.0,63.0,24.0,22.0,31.0,33.0,49.0,50.0,31.0,93.0,20.0,54.0,39.0,109.0,39.0,72.0,143.0,63.0,82.0,59.0,64.0,65.0,64.0,61.0,60.0,62.0,63.0,63.0,68.0,138.0,138.0,4.0,59.0,58.0,57.0,306.0,68.0,68.0,92.0,68.0,68.0,52.0,18.0,17.0,16.0,16.0,17.0,17.0,54.0,33.0,27.0,32.0,88.0,33.0,36.0,28.0,38.0
AML,142.0,114.0,92.0,97.0,91.0,92.0,0.0,2.0,54.0,49.0,51.0,185.0,139.0,142.0,138.0,121.0,140.0,146.0,137.0,,123.0,123.0,189.0,35.0,109.0,130.0,115.0,164.0,105.0,9.0,75.0,75.0,169.0,185.0,154.0,154.0,138.0,126.0,106.0,94.0,144.0,118.0,171.0,138.0,136.0,163.0,102.0,102.0,113.0,118.0,106.0,135.0,135.0,169.0,39.0,35.0,35.0,176.0,150.0,147.0,140.0,112.0,179.0,35.0,117.0,14.0,16.0,161.0,160.0,120.0,118.0,20.0,47.0,146.0,118.0,126.0,127.0,103.0,113.0,114.0,153.0,153.0,153.0,153.0,107.0,108.0,109.0,110.0,141.0,142.0,112.0,185.0,119.0,159.0,118.0,25.0,113.0,164.0,54.0,181.0,13.0,164.0,175.0,174.0,169.0,153.0,152.0,154.0,179.0,178.0,160.0,47.0,47.0,95.0,33.0,168.0,166.0,396.0,168.0,140.0,109.0,173.0,169.0,44.0,118.0,122.0,115.0,108.0,119.0,108.0,121.0,116.0,109.0,134.0,5.0,114.0,117.0,128.0,149.0
AMRI,144.0,115.0,92.0,99.0,92.0,92.0,2.0,0.0,56.0,49.0,53.0,187.0,141.0,144.0,140.0,122.0,142.0,148.0,139.0,,124.0,124.0,191.0,34.0,111.0,132.0,116.0,166.0,105.0,7.0,75.0,76.0,170.0,187.0,154.0,154.0,138.0,126.0,108.0,95.0,144.0,120.0,173.0,139.0,138.0,165.0,102.0,103.0,114.0,119.0,108.0,137.0,137.0,171.0,41.0,37.0,35.0,176.0,152.0,149.0,142.0,113.0,181.0,34.0,117.0,12.0,14.0,163.0,162.0,120.0,119.0,22.0,47.0,148.0,118.0,128.0,129.0,105.0,115.0,116.0,155.0,153.0,154.0,154.0,108.0,108.0,109.0,110.0,141.0,142.0,113.0,186.0,121.0,161.0,119.0,23.0,113.0,164.0,53.0,183.0,15.0,166.0,177.0,176.0,171.0,153.0,152.0,154.0,181.0,180.0,160.0,47.0,47.0,96.0,34.0,170.0,168.0,397.0,170.0,140.0,108.0,175.0,171.0,46.0,120.0,124.0,117.0,109.0,121.0,108.0,121.0,117.0,110.0,136.0,7.0,115.0,117.0,130.0,151.0
APD,88.0,67.0,43.0,43.0,42.0,43.0,54.0,56.0,0.0,1.0,3.0,186.0,85.0,88.0,84.0,77.0,86.0,92.0,83.0,,79.0,79.0,152.0,82.0,55.0,76.0,67.0,110.0,56.0,63.0,26.0,26.0,120.0,131.0,105.0,105.0,89.0,77.0,52.0,46.0,95.0,64.0,117.0,95.0,82.0,109.0,55.0,55.0,68.0,74.0,52.0,81.0,81.0,115.0,15.0,19.0,15.0,126.0,96.0,93.0,90.0,67.0,142.0,82.0,71.0,63.0,65.0,107.0,106.0,71.0,69.0,34.0,95.0,109.0,73.0,72.0,73.0,49.0,59.0,60.0,99.0,103.0,104.0,104.0,61.0,59.0,61.0,62.0,91.0,92.0,67.0,136.0,65.0,105.0,74.0,74.0,66.0,114.0,100.0,127.0,41.0,110.0,121.0,120.0,115.0,104.0,102.0,104.0,125.0,124.0,110.0,95.0,95.0,46.0,16.0,114.0,112.0,349.0,131.0,95.0,85.0,136.0,132.0,10.0,64.0,68.0,61.0,59.0,65.0,59.0,77.0,71.0,64.0,80.0,49.0,69.0,72.0,74.0,99.0
APDA,69.0,68.0,44.0,42.0,43.0,44.0,49.0,49.0,1.0,0.0,2.0,138.0,71.0,76.0,73.0,78.0,70.0,80.0,72.0,,80.0,80.0,107.0,81.0,54.0,68.0,68.0,95.0,56.0,53.0,26.0,27.0,121.0,105.0,106.0,106.0,89.0,77.0,48.0,47.0,95.0,56.0,95.0,96.0,59.0,100.0,55.0,56.0,69.0,75.0,51.0,71.0,71.0,95.0,13.0,17.0,14.0,127.0,90.0,87.0,61.0,67.0,100.0,81.0,71.0,56.0,58.0,93.0,91.0,71.0,70.0,31.0,94.0,74.0,73.0,59.0,59.0,36.0,55.0,55.0,86.0,104.0,105.0,105.0,62.0,59.0,61.0,63.0,92.0,93.0,68.0,137.0,57.0,97.0,75.0,66.0,67.0,115.0,99.0,106.0,38.0,102.0,107.0,108.0,107.0,105.0,103.0,105.0,106.0,106.0,111.0,94.0,94.0,47.0,15.0,95.0,95.0,349.0,95.0,96.0,85.0,98.0,96.0,9.0,61.0,59.0,59.0,60.0,60.0,60.0,77.0,72.0,64.0,76.0,45.0,70.0,73.0,65.0,66.0
APDO,91.0,70.0,46.0,46.0,45.0,46.0,51.0,53.0,3.0,2.0,0.0,183.0,88.0,91.0,87.0,79.0,89.0,95.0,86.0,,81.0,81.0,155.0,79.0,58.0,79.0,69.0,113.0,58.0,60.0,28.0,29.0,123.0,134.0,107.0,107.0,91.0,79.0,55.0,49.0,97.0,67.0,120.0,98.0,85.0,112.0,57.0,58.0,71.0,76.0,55.0,84.0,84.0,118.0,12.0,16.0,12.0,129.0,99.0,96.0,93.0,69.0,145.0,79.0,73.0,65.0,67.0,110.0,109.0,73.0,72.0,31.0,92.0,112.0,75.0,75.0,76.0,52.0,62.0,63.0,102.0,106.0,107.0,107.0,63.0,61.0,63.0,65.0,94.0,95.0,70.0,139.0,68.0,108.0,77.0,76.0,69.0,117.0,97.0,130.0,38.0,113.0,124.0,123.0,118.0,106.0,105.0,107.0,128.0,127.0,113.0,92.0,92.0,49.0,14.0,117.0,115.0,351.0,134.0,97.0,86.0,139.0,135.0,7.0,67.0,71.0,64.0,62.0,68.0,61.0,79.0,73.0,66.0,83.0,46.0,71.0,74.0,77.0,102.0
APG,251.0,172.0,166.0,206.0,165.0,166.0,185.0,187.0,186.0,138.0,183.0,0.0,248.0,251.0,247.0,169.0,249.0,255.0,246.0,,170.0,170.0,318.0,115.0,218.0,239.0,180.0,273.0,176.0,194.0,155.0,155.0,236.0,294.0,225.0,225.0,215.0,207.0,215.0,164.0,220.0,227.0,280.0,176.0,245.0,272.0,165.0,164.0,167.0,168.0,215.0,244.0,244.0,278.0,171.0,175.0,128.0,239.0,259.0,256.0,253.0,167.0,308.0,115.0,206.0,199.0,201.0,270.0,269.0,187.0,186.0,190.0,116.0,275.0,209.0,235.0,236.0,212.0,222.0,223.0,262.0,227.0,226.0,226.0,165.0,188.0,194.0,196.0,208.0,209.0,167.0,245.0,228.0,268.0,168.0,210.0,201.0,232.0,123.0,290.0,188.0,273.0,284.0,283.0,278.0,221.0,219.0,221.0,288.0,287.0,228.0,116.0,116.0,168.0,128.0,277.0,275.0,433.0,297.0,231.0,216.0,302.0,298.0,176.0,227.0,231.0,224.0,179.0,228.0,181.0,213.0,171.0,166.0,243.0,180.0,167.0,168.0,237.0,262.0
ASB,5.0,5.0,33.0,42.0,33.0,33.0,139.0,141.0,85.0,71.0,88.0,248.0,0.0,10.0,6.0,10.0,1.0,14.0,7.0,,12.0,12.0,120.0,150.0,38.0,17.0,16.0,32.0,26.0,148.0,48.0,47.0,65.0,87.0,57.0,57.0,54.0,53.0,33.0,26.0,55.0,21.0,39.0,28.0,47.0,65.0,17.0,16.0,4.0,7.0,41.0,9.0,4.0,37.0,100.0,104.0,84.0,68.0,52.0,49.0,55.0,5.0,110.0,150.0,67.0,148.0,150.0,29.0,28.0,23.0,22.0,119.0,163.0,77.0,72.0,37.0,38.0,48.0,26.0,25.0,21.0,59.0,58.0,58.0,10.0,42.0,54.0,55.0,38.0,39.0,4.0,75.0,20.0,61.0,8.0,159.0,61.0,61.0,169.0,83.0,126.0,66.0,77.0,76.0,71.0,50.0,49.0,51.0,81.0,80.0,58.0,163.0,163.0,30.0,85.0,36.0,34.0,281.0,99.0,84.0,123.0,104.0,100.0,95.0,29.0,33.0,32.0,25.0,30.0,30.0,76.0,1.0,7.0,36.0,134.0,4.0,5.0,11.0,64.0
ASD,15.0,13.0,40.0,45.0,39.0,40.0,142.0,144.0,88.0,76.0,91.0,251.0,10.0,0.0,4.0,2.0,11.0,4.0,5.0,,4.0,4.0,130.0,154.0,48.0,27.0,24.0,22.0,34.0,151.0,53.0,53.0,69.0,97.0,62.0,62.0,61.0,60.0,36.0,33.0,61.0,24.0,29.0,21.0,57.0,75.0,23.0,22.0,8.0,1.0,48.0,7.0,10.0,27.0,103.0,107.0,88.0,70.0,62.0,59.0,65.0,9.0,120.0,154.0,75.0,151.0,153.0,19.0,18.0,31.0,30.0,122.0,167.0,87.0,80.0,47.0,48.0,51.0,29.0,28.0,11.0,65.0,63.0,63.0,16.0,50.0,62.0,63.0,44.0,45.0,9.0,76.0,23.0,71.0,1.0,162.0,69.0,65.0,173.0,93.0,129.0,76.0,87.0,86.0,81.0,55.0,54.0,55.0,91.0,90.0,63.0,167.0,167.0,37.0,89.0,26.0,24.0,279.0,109.0,91.0,131.0,114.0,110.0,98.0,39.0,43.0,42.0,34.0,40.0,38.0,84.0,7.0,13.0,46.0,137.0,7.0,3.0,14.0,74.0
ASDM,11.0,11.0,37.0,41.0,37.0,37.0,138.0,140.0,84.0,73.0,87.0,247.0,6.0,4.0,0.0,5.0,7.0,8.0,1.0,,7.0,7.0,126.0,151.0,44.0,23.0,22.0,26.0,31.0,147.0,51.0,50.0,68.0,93.0,61.0,61.0,59.0,58.0,32.0,30.0,60.0,20.0,33.0,24.0,53.0,71.0,21.0,19.0,5.0,2.0,44.0,3.0,6.0,31.0,99.0,103.0,85.0,70.0,58.0,55.0,61.0,7.0,116.0,151.0,72.0,147.0,149.0,23.0,22.0,29.0,27.0,118.0,164.0,83.0,78.0,43.0,44.0,47.0,25.0,24.0,15.0,64.0,62.0,62.0,13.0,48.0,59.0,61.0,43.0,44.0,6.0,77.0,19.0,67.0,2.0,158.0,66.0,65.0,170.0,89.0,125.0,72.0,83.0,82.0,77.0,54.0,53.0,55.0,87.0,86.0,62.0,164.0,164.0,35.0,87.0,30.0,28.0,280.0,105.0,89.0,128.0,110.0,106.0,94.0,35.0,39.0,38.0,31.0,36.0,35.0,81.0,5.0,10.0,42.0,133.0,4.0,1.0,10.0,70.0
ASDWPL,14.0,15.0,42.0,43.0,42.0,42.0,121.0,122.0,77.0,78.0,79.0,169.0,10.0,2.0,5.0,0.0,12.0,2.0,7.0,,2.0,2.0,89.0,156.0,37.0,26.0,26.0,17.0,36.0,128.0,56.0,55.0,68.0,63.0,62.0,62.0,62.0,62.0,34.0,35.0,62.0,24.0,18.0,19.0,55.0,52.0,26.0,24.0,10.0,3.0,37.0,8.0,9.0,17.0,89.0,93.0,90.0,70.0,43.0,43.0,63.0,12.0,90.0,156.0,76.0,131.0,133.0,16.0,14.0,32.0,31.0,106.0,168.0,83.0,82.0,44.0,46.0,47.0,28.0,27.0,9.0,66.0,64.0,64.0,18.0,52.0,64.0,65.0,44.0,45.0,11.0,76.0,23.0,50.0,3.0,140.0,71.0,65.0,174.0,61.0,112.0,53.0,58.0,58.0,56.0,55.0,54.0,55.0,60.0,59.0,63.0,168.0,168.0,40.0,91.0,17.0,17.0,277.0,93.0,93.0,133.0,91.0,92.0,85.0,37.0,40.0,35.0,35.0,38.0,40.0,86.0,9.0,15.0,34.0,117.0,9.0,6.0,14.0,70.0
ASHD,4.0,4.0,31.0,43.0,31.0,31.0,140.0,142.0,86.0,70.0,89.0,249.0,1.0,11.0,7.0,12.0,0.0,15.0,8.0,,14.0,14.0,119.0,149.0,37.0,16.0,15.0,33.0,24.0,149.0,46.0,46.0,64.0,86.0,56.0,56.0,52.0,51.0,34.0,25.0,54.0,22.0,40.0,30.0,46.0,64.0,15.0,14.0,5.0,9.0,40.0,10.0,5.0,38.0,101.0,105.0,83.0,67.0,51.0,48.0,54.0,5.0,109.0,149.0,65.0,149.0,151.0,30.0,29.0,22.0,20.0,120.0,163.0,76.0,70.0,36.0,37.0,49.0,27.0,26.0,22.0,58.0,57.0,57.0,9.0,41.0,52.0,53.0,37.0,39.0,5.0,75.0,21.0,60.0,9.0,160.0,59.0,61.0,168.0,82.0,127.0,65.0,76.0,75.0,70.0,50.0,49.0,50.0,80.0,79.0,57.0,163.0,163.0,28.0,84.0,37.0,35.0,281.0,98.0,82.0,121.0,103.0,99.0,96.0,28.0,32.0,31.0,24.0,29.0,28.0,74.0,3.0,6.0,35.0,135.0,5.0,7.0,12.0,63.0
ASS,19.0,17.0,44.0,49.0,43.0,44.0,146.0,148.0,92.0,80.0,95.0,255.0,14.0,4.0,8.0,2.0,15.0,0.0,9.0,,2.0,2.0,132.0,158.0,52.0,31.0,27.0,18.0,37.0,155.0,58.0,57.0,67.0,93.0,61.0,61.0,61.0,62.0,40.0,37.0,62.0,28.0,25.0,17.0,61.0,79.0,28.0,26.0,12.0,5.0,52.0,11.0,14.0,23.0,107.0,111.0,92.0,68.0,66.0,63.0,69.0,14.0,124.0,158.0,77.0,155.0,157.0,15.0,14.0,33.0,32.0,126.0,171.0,91.0,83.0,51.0,52.0,55.0,33.0,32.0,7.0,65.0,63.0,63.0,20.0,53.0,65.0,66.0,43.0,44.0,13.0,74.0,27.0,75.0,5.0,166.0,72.0,64.0,177.0,89.0,133.0,80.0,83.0,82.0,85.0,54.0,53.0,54.0,87.0,86.0,62.0,171.0,171.0,41.0,94.0,22.0,20.0,275.0,113.0,93.0,134.0,118.0,114.0,102.0,43.0,47.0,46.0,37.0,44.0,41.0,87.0,11.0,17.0,50.0,141.0,11.0,8.0,18.0,78.0
ASSP,12.0,10.0,35.0,40.0,35.0,35.0,137.0,139.0,83.0,72.0,86.0,246.0,7.0,5.0,1.0,7.0,8.0,9.0,0.0,,9.0,9.0,127.0,150.0,45.0,24.0,21.0,27.0,30.0,146.0,49.0,49.0,68.0,94.0,61.0,61.0,58.0,57.0,31.0,29.0,59.0,19.0,34.0,26.0,54.0,72.0,19.0,18.0,3.0,3.0,43.0,2.0,7.0,32.0,98.0,102.0,84.0,71.0,59.0,56.0,62.0,5.0,117.0,150.0,71.0,146.0,148.0,24.0,23.0,28.0,26.0,117.0,163.0,84.0,76.0,44.0,45.0,46.0,24.0,23.0,16.0,64.0,62.0,62.0,11.0,46.0,58.0,59.0,42.0,44.0,4.0,77.0,18.0,68.0,4.0,157.0,65.0,65.0,169.0,90.0,124.0,73.0,84.0,83.0,78.0,54.0,53.0,54.0,88.0,87.0,62.0,163.0,163.0,33.0,86.0,31.0,29.0,281.0,106.0,88.0,127.0,111.0,107.0,93.0,36.0,40.0,39.0,30.0,37.0,34.0,80.0,4.0,8.0,43.0,132.0,2.0,1.0,9.0,71.0
ASW,,,,,,,,,,,,,,,,,,,,0.0,,,,,,,,,,,,,,,,,,,,,,,,,,,,,,,,,,,,,,,,,,,,,,,,,,,,,,,,,,,,,,,,,,,,,,,,,,,,,,,,,,,,,,,,,,,,,,,,,,,,,,,,,,,,,,,,,,,,,,,
AWH,16.0,17.0,44.0,45.0,44.0,44.0,123.0,124.0,79.0,80.0,81.0,170.0,12.0,4.0,7.0,2.0,14.0,2.0,9.0,,0.0,0.0,90.0,157.0,39.0,27.0,28.0,15.0,38.0,130.0,58.0,57.0,68.0,64.0,63.0,63.0,63.0,63.0,37.0,37.0,63.0,26.0,15.0,17.0,57.0,53.0,28.0,26.0,12.0,5.0,40.0,10.0,11.0,15.0,91.0,95.0,92.0,69.0,44.0,44.0,65.0,14.0,91.0,157.0,78.0,133.0,135.0,14.0,12.0,34.0,33.0,108.0,170.0,85.0,84.0,46.0,48.0,49.0,30.0,29.0,7.0,66.0,65.0,65.0,20.0,54.0,66.0,67.0,45.0,46.0,13.0,75.0,25.0,51.0,5.0,142.0,73.0,66.0,176.0,62.0,114.0,54.0,59.0,59.0,57.0,56.0,55.0,56.0,61.0,60.0,63.0,170.0,170.0,42.0,93.0,15.0,15.0,275.0,95.0,94.0,135.0,93.0,94.0,87.0,39.0,42.0,38.0,37.0,40.0,42.0,88.0,11.0,17.0,35.0,119.0,11.0,8.0,17.0,72.0
AWHVG,16.0,17.0,44.0,45.0,44.0,44.0,123.0,124.0,79.0,80.0,81.0,170.0,12.0,4.0,7.0,2.0,14.0,2.0,9.0,,0.0,0.0,90.0,157.0,39.0,27.0,28.0,15.0,38.0,130.0,58.0,57.0,68.0,64.0,63.0,63.0,63.0,63.0,37.0,37.0,63.0,26.0,15.0,17.0,57.0,53.0,28.0,26.0,12.0,5.0,40.0,10.0,11.0,15.0,91.0,95.0,92.0,69.0,44.0,44.0,65.0,14.0,91.0,157.0,78.0,133.0,135.0,14.0,12.0,34.0,33.0,108.0,170.0,85.0,84.0,46.0,48.0,49.0,30.0,29.0,7.0,66.0,65.0,65.0,20.0,54.0,66.0,67.0,45.0,46.0,13.0,75.0,25.0,51.0,5.0,142.0,73.0,66.0,176.0,62.0,114.0,54.0,59.0,59.0,57.0,56.0,55.0,56.0,61.0,60.0,63.0,170.0,170.0,42.0,93.0,15.0,15.0,275.0,95.0,94.0,135.0,93.0,94.0,87.0,39.0,42.0,38.0,37.0,40.0,42.0,88.0,11.0,17.0,35.0,119.0,11.0,8.0,17.0,72.0
BD,115.0,76.0,73.0,112.0,74.0,73.0,189.0,191.0,152.0,107.0,155.0,318.0,120.0,130.0,126.0,89.0,119.0,132.0,127.0,,90.0,90.0,0.0,181.0,100.0,103.0,65.0,120.0,64.0,184.0,85.0,84.0,46.0,39.0,35.0,35.0,27.0,32.0,115.0,76.0,27.0,114.0,130.0,99.0,73.0,61.0,77.0,79.0,84.0,87.0,103.0,129.0,124.0,125.0,150.0,154.0,121.0,56.0,74.0,77.0,65.0,83.0,10.0,181.0,37.0,179.0,181.0,117.0,118.0,58.0,59.0,169.0,194.0,43.0,38.0,83.0,82.0,118.0,109.0,110.0,125.0,29.0,31.0,31.0,81.0,51.0,46.0,44.0,47.0,46.0,83.0,66.0,115.0,65.0,87.0,190.0,40.0,42.0,197.0,43.0,176.0,60.0,49.0,50.0,55.0,43.0,43.0,43.0,45.0,46.0,40.0,194.0,194.0,71.0,122.0,124.0,122.0,269.0,21.0,20.0,90.0,16.0,20.0,155.0,91.0,87.0,94.0,62.0,90.0,58.0,36.0,81.0,82.0,90.0,184.0,84.0,85.0,124.0,56.0
BH,148.0,148.0,125.0,123.0,124.0,125.0,35.0,34.0,82.0,81.0,79.0,115.0,150.0,154.0,151.0,156.0,149.0,158.0,150.0,,157.0,157.0,181.0,0.0,135.0,148.0,148.0,172.0,137.0,28.0,107.0,108.0,201.0,185.0,185.0,185.0,168.0,155.0,128.0,128.0,174.0,136.0,171.0,172.0,138.0,180.0,135.0,136.0,148.0,153.0,132.0,149.0,150.0,172.0,68.0,64.0,67.0,208.0,170.0,168.0,137.0,146.0,173.0,0.0,144.0,25.0,23.0,171.0,169.0,152.0,151.0,50.0,13.0,145.0,144.0,139.0,139.0,117.0,135.0,135.0,164.0,184.0,184.0,184.0,141.0,138.0,138.0,139.0,173.0,174.0,147.0,218.0,136.0,178.0,153.0,15.0,141.0,195.0,19.0,186.0,43.0,182.0,187.0,189.0,187.0,185.0,184.0,186.0,186.0,186.0,191.0,13.0,13.0,128.0,66.0,172.0,172.0,430.0,165.0,166.0,122.0,169.0,166.0,72.0,142.0,140.0,140.0,141.0,141.0,140.0,147.0,151.0,143.0,156.0,39.0,148.0,151.0,144.0,141.0
BHV,33.0,22.0,10.0,12.0,11.0,10.0,109.0,111.0,55.0,54.0,58.0,218.0,38.0,48.0,44.0,37.0,37.0,52.0,45.0,,39.0,39.0,100.0,135.0,0.0,21.0,15.0,70.0,3.0,118.0,27.0,27.0,68.0,76.0,54.0,54.0,42.0,34.0,15.0,10.0,46.0,26.0,77.0,55.0,27.0,54.0,13.0,15.0,27.0,34.0,3.0,43.0,42.0,75.0,70.0,74.0,68.0,74.0,41.0,38.0,35.0,26.0,90.0,135.0,43.0,118.0,120.0,67.0,66.0,18.0,16.0,89.0,148.0,57.0,48.0,17.0,18.0,18.0,21.0,22.0,59.0,54.0,54.0,54.0,20.0,18.0,29.0,31.0,39.0,40.0,26.0,83.0,27.0,50.0,34.0,129.0,37.0,63.0,153.0,72.0,96.0,55.0,66.0,65.0,60.0,52.0,50.0,52.0,70.0,69.0,59.0,148.0,148.0,6.0,69.0,74.0,72.0,296.0,79.0,64.0,96.0,84.0,80.0,65.0,9.0,13.0,6.0,6.0,10.0,8.0,52.0,28.0,23.0,25.0,104.0,28.0,31.0,36.0,44.0
BKL,12.0,11.0,24.0,33.0,25.0,24.0,130.0,132.0,76.0,68.0,79.0,239.0,17.0,27.0,23.0,26.0,16.0,31.0,24.0,,27.0,27.0,103.0,148.0,21.0,0.0,0.0,49.0,13.0,139.0,42.0,41.0,57.0,70.0,46.0,46.0,39.0,37.0,36.0,21.0,41.0,35.0,56.0,42.0,30.0,48.0,15.0,16.0,18.0,23.0,24.0,26.0,21.0,54.0,91.0,95.0,81.0,62.0,35.0,32.0,38.0,17.0,93.0,148.0,51.0,139.0,141.0,46.0,45.0,8.0,6.0,110.0,162.0,60.0,56.0,20.0,21.0,39.0,30.0,31.0,38.0,47.0,46.0,46.0,15.0,27.0,39.0,40.0,28.0,29.0,18.0,71.0,36.0,44.0,24.0,150.0,45.0,52.0,167.0,66.0,117.0,49.0,60.0,59.0,54.0,41.0,40.0,42.0,64.0,63.0,49.0,162.0,162.0,21.0,83.0,53.0,51.0,282.0,82.0,68.0,109.0,87.0,83.0,86.0,12.0,16.0,15.0,11.0,13.0,15.0,60.0,17.0,16.0,19.0,125.0,19.0,21.0,28.0,47.0
BKLA,12.0,11.0,24.0,26.0,25.0,24.0,115.0,116.0,67.0,68.0,69.0,180.0,16.0,24.0,22.0,26.0,15.0,27.0,21.0,,28.0,28.0,65.0,148.0,15.0,0.0,0.0,36.0,13.0,121.0,42.0,41.0,57.0,46.0,45.0,45.0,39.0,36.0,20.0,21.0,41.0,16.0,41.0,42.0,29.0,37.0,15.0,16.0,19.0,24.0,17.0,20.0,18.0,39.0,80.0,84.0,81.0,62.0,26.0,24.0,37.0,18.0,65.0,148.0,50.0,123.0,125.0,34.0,32.0,8.0,6.0,98.0,162.0,57.0,56.0,19.0,21.0,32.0,14.0,15.0,29.0,47.0,46.0,46.0,16.0,27.0,38.0,39.0,28.0,29.0,18.0,70.0,17.0,34.0,24.0,133.0,45.0,52.0,167.0,45.0,105.0,38.0,44.0,45.0,43.0,41.0,40.0,41.0,44.0,44.0,49.0,162.0,162.0,21.0,83.0,38.0,37.0,282.0,68.0,67.0,109.0,66.0,67.0,76.0,12.0,15.0,11.0,11.0,13.0,15.0,60.0,17.0,16.0,11.0,111.0,19.0,21.0,16.0,44.0
BLL,37.0,29.0,57.0,67.0,56.0,57.0,164.0,166.0,110.0,95.0,113.0,273.0,32.0,22.0,26.0,17.0,33.0,18.0,27.0,,15.0,15.0,120.0,172.0,70.0,49.0,36.0,0.0,48.0,173.0,72.0,71.0,62.0,81.0,60.0,60.0,65.0,68.0,58.0,50.0,64.0,46.0,10.0,9.0,79.0,78.0,41.0,40.0,26.0,20.0,70.0,29.0,32.0,5.0,125.0,129.0,106.0,61.0,65.0,68.0,87.0,27.0,130.0,172.0,85.0,173.0,175.0,3.0,4.0,40.0,40.0,144.0,185.0,109.0,91.0,69.0,70.0,73.0,51.0,50.0,11.0,64.0,62.0,62.0,33.0,63.0,74.0,75.0,44.0,44.0,27.0,65.0,45.0,74.0,19.0,184.0,80.0,60.0,191.0,77.0,151.0,79.0,71.0,70.0,75.0,52.0,51.0,52.0,75.0,74.0,58.0,185.0,185.0,54.0,108.0,4.0,2.0,261.0,131.0,98.0,145.0,136.0,132.0,120.0,61.0,65.0,64.0,47.0,62.0,51.0,94.0,23.0,30.0,66.0,159.0,25.0,22.0,36.0,96.0
BLOA,22.0,21.0,13.0,15.0,13.0,13.0,105.0,105.0,56.0,56.0,58.0,176.0,26.0,34.0,31.0,36.0,24.0,37.0,30.0,,38.0,38.0,64.0,137.0,3.0,13.0,13.0,48.0,0.0,110.0,30.0,30.0,65.0,51.0,51.0,51.0,39.0,32.0,13.0,13.0,43.0,16.0,53.0,54.0,20.0,44.0,14.0,16.0,27.0,33.0,6.0,28.0,27.0,51.0,69.0,73.0,70.0,71.0,33.0,31.0,27.0,25.0,62.0,137.0,42.0,112.0,114.0,47.0,45.0,15.0,14.0,88.0,151.0,49.0,48.0,10.0,11.0,21.0,12.0,13.0,41.0,51.0,51.0,51.0,20.0,17.0,29.0,30.0,36.0,37.0,26.0,80.0,18.0,41.0,33.0,122.0,36.0,60.0,156.0,51.0,95.0,46.0,51.0,52.0,51.0,49.0,47.0,49.0,51.0,51.0,56.0,151.0,151.0,9.0,72.0,50.0,49.0,293.0,62.0,62.0,97.0,62.0,62.0,65.0,5.0,6.0,3.0,3.0,5.0,6.0,52.0,27.0,23.0,19.0,101.0,28.0,31.0,23.0,35.0
BN,151.0,120.0,97.0,106.0,96.0,97.0,9.0,7.0,63.0,53.0,60.0,194.0,148.0,151.0,147.0,128.0,149.0,155.0,146.0,,130.0,130.0,184.0,28.0,118.0,139.0,121.0,173.0,110.0,0.0,80.0,80.0,174.0,193.0,158.0,158.0,141.0,129.0,115.0,100.0,147.0,127.0,180.0,145.0,143.0,172.0,108.0,108.0,120.0,125.0,115.0,144.0,144.0,178.0,48.0,44.0,39.0,180.0,159.0,156.0,135.0,118.0,174.0,28.0,119.0,5.0,7.0,170.0,169.0,125.0,123.0,29.0,41.0,141.0,120.0,135.0,136.0,112.0,122.0,123.0,162.0,157.0,157.0,157.0,113.0,111.0,112.0,113.0,145.0,146.0,119.0,190.0,128.0,168.0,125.0,16.0,116.0,168.0,47.0,190.0,22.0,173.0,184.0,183.0,178.0,158.0,156.0,158.0,188.0,187.0,164.0,41.0,41.0,100.0,38.0,177.0,175.0,402.0,163.0,142.0,106.0,168.0,164.0,53.0,127.0,131.0,124.0,113.0,128.0,113.0,122.0,123.0,116.0,143.0,14.0,120.0,123.0,137.0,144.0
BNV,44.0,44.0,17.0,16.0,17.0,17.0,75.0,75.0,26.0,26.0,28.0,155.0,48.0,53.0,51.0,56.0,46.0,58.0,49.0,,58.0,58.0,85.0,107.0,27.0,42.0,42.0,72.0,30.0,80.0,0.0,1.0,94.0,80.0,80.0,80.0,64.0,53.0,22.0,22.0,70.0,32.0,73.0,75.0,35.0,73.0,31.0,32.0,46.0,52.0,25.0,48.0,48.0,73.0,39.0,43.0,40.0,101.0,63.0,61.0,38.0,44.0,79.0,107.0,52.0,82.0,84.0,70.0,68.0,45.0,44.0,57.0,120.0,57.0,55.0,33.0,33.0,10.0,30.0,30.0,63.0,79.0,79.0,79.0,38.0,35.0,40.0,41.0,66.0,67.0,45.0,111.0,33.0,71.0,53.0,92.0,46.0,89.0,125.0,80.0,65.0,75.0,81.0,82.0,80.0,78.0,77.0,79.0,80.0,80.0,85.0,120.0,120.0,21.0,42.0,72.0,72.0,323.0,76.0,76.0,86.0,78.0,76.0,35.0,35.0,33.0,33.0,33.0,34.0,33.0,60.0,48.0,41.0,49.0,71.0,47.0,50.0,42.0,46.0
BNVA,44.0,43.0,17.0,15.0,16.0,17.0,75.0,76.0,26.0,27.0,29.0,155.0,47.0,53.0,50.0,55.0,46.0,57.0,49.0,,57.0,57.0,84.0,108.0,27.0,41.0,41.0,71.0,30.0,80.0,1.0,0.0,94.0,79.0,79.0,79.0,64.0,53.0,22.0,21.0,70.0,32.0,73.0,74.0,35.0,73.0,30.0,31.0,46.0,52.0,24.0,47.0,47.0,72.0,40.0,43.0,41.0,100.0,63.0,61.0,38.0,44.0,79.0,108.0,52.0,83.0,84.0,70.0,67.0,45.0,43.0,58.0,121.0,56.0,55.0,32.0,33.0,9.0,29.0,30.0,63.0,78.0,79.0,79.0,38.0,34.0,39.0,41.0,65.0,66.0,45.0,110.0,33.0,70.0,52.0,93.0,46.0,89.0,126.0,79.0,65.0,75.0,80.0,81.0,80.0,78.0,76.0,78.0,79.0,80.0,84.0,121.0,121.0,20.0,42.0,72.0,71.0,323.0,76.0,76.0,86.0,77.0,76.0,36.0,34.0,33.0,33.0,33.0,34.0,33.0,59.0,48.0,41.0,49.0,71.0,46.0,50.0,41.0,45.0
BOT,64.0,64.0,78.0,80.0,78.0,78.0,169.0,170.0,120.0,121.0,123.0,236.0,65.0,69.0,68.0,68.0,64.0,67.0,68.0,,68.0,68.0,46.0,201.0,68.0,57.0,57.0,62.0,65.0,174.0,94.0,94.0,0.0,18.0,17.0,17.0,37.0,50.0,76.0,77.0,30.0,73.0,70.0,70.0,64.0,21.0,72.0,73.0,69.0,69.0,71.0,69.0,67.0,66.0,134.0,137.0,135.0,10.0,32.0,34.0,67.0,69.0,55.0,201.0,68.0,176.0,178.0,60.0,61.0,51.0,52.0,152.0,214.0,72.0,72.0,62.0,62.0,85.0,71.0,72.0,63.0,21.0,19.0,19.0,71.0,63.0,67.0,66.0,29.0,28.0,69.0,20.0,73.0,24.0,69.0,186.0,67.0,6.0,219.0,16.0,159.0,19.0,14.0,13.0,14.0,16.0,18.0,16.0,15.0,15.0,10.0,214.0,214.0,74.0,136.0,65.0,64.0,233.0,65.0,64.0,131.0,59.0,63.0,129.0,60.0,61.0,62.0,62.0,60.0,61.0,73.0,65.0,70.0,46.0,165.0,69.0,68.0,70.0,67.0
BRD,82.0,55.0,63.0,88.0,64.0,63.0,185.0,187.0,131.0,105.0,134.0,294.0,87.0,97.0,93.0,63.0,86.0,93.0,94.0,,64.0,64.0,39.0,185.0,76.0,70.0,46.0,81.0,51.0,193.0,80.0,79.0,18.0,0.0,2.0,2.0,19.0,32.0,91.0,64.0,12.0,90.0,91.0,70.0,66.0,22.0,61.0,62.0,61.0,63.0,79.0,96.0,91.0,86.0,146.0,150.0,119.0,27.0,35.0,38.0,58.0,61.0,49.0,185.0,50.0,188.0,190.0,78.0,79.0,39.0,40.0,165.0,198.0,80.0,54.0,75.0,75.0,94.0,85.0,86.0,86.0,4.0,1.0,1.0,61.0,47.0,49.0,49.0,19.0,18.0,61.0,38.0,91.0,26.0,63.0,199.0,49.0,12.0,202.0,4.0,172.0,21.0,10.0,11.0,16.0,10.0,11.0,11.0,6.0,7.0,9.0,198.0,198.0,60.0,121.0,85.0,83.0,251.0,60.0,48.0,114.0,55.0,59.0,141.0,67.0,71.0,70.0,48.0,68.0,47.0,55.0,58.0,61.0,51.0,180.0,61.0,62.0,98.0,67.0
BRDA,54.0,54.0,63.0,65.0,64.0,63.0,154.0,154.0,105.0,106.0,107.0,225.0,57.0,62.0,61.0,62.0,56.0,61.0,61.0,,63.0,63.0,35.0,185.0,54.0,46.0,45.0,60.0,51.0,158.0,80.0,79.0,17.0,2.0,0.0,0.0,20.0,33.0,63.0,63.0,13.0,61.0,68.0,68.0,48.0,10.0,60.0,61.0,60.0,62.0,57.0,60.0,59.0,64.0,119.0,122.0,120.0,26.0,20.0,21.0,50.0,60.0,41.0,185.0,51.0,160.0,162.0,58.0,58.0,38.0,40.0,137.0,199.0,56.0,55.0,47.0,47.0,71.0,59.0,60.0,59.0,6.0,3.0,3.0,60.0,47.0,50.0,50.0,18.0,17.0,60.0,37.0,62.0,12.0,62.0,171.0,50.0,11.0,203.0,1.0,144.0,9.0,7.0,8.0,9.0,9.0,9.0,9.0,3.0,5.0,7.0,199.0,199.0,60.0,121.0,63.0,62.0,250.0,51.0,49.0,115.0,45.0,49.0,114.0,46.0,47.0,48.0,48.0,46.0,47.0,57.0,57.0,60.0,34.0,150.0,61.0,61.0,60.0,50.0
BRDVA,54.0,54.0,63.0,65.0,64.0,63.0,154.0,154.0,105.0,106.0,107.0,225.0,57.0,62.0,61.0,62.0,56.0,61.0,61.0,,63.0,63.0,35.0,185.0,54.0,46.0,45.0,60.0,51.0,158.0,80.0,79.0,17.0,2.0,0.0,0.0,20.0,33.0,63.0,63.0,13.0,61.0,68.0,68.0,48.0,10.0,60.0,61.0,60.0,62.0,57.0,60.0,59.0,64.0,119.0,122.0,120.0,26.0,20.0,21.0,50.0,60.0,41.0,185.0,51.0,160.0,162.0,58.0,58.0,38.0,40.0,137.0,199.0,56.0,55.0,47.0,47.0,71.0,59.0,60.0,59.0,6.0,3.0,3.0,60.0,47.0,50.0,50.0,18.0,17.0,60.0,37.0,62.0,12.0,62.0,171.0,50.0,11.0,203.0,1.0,144.0,9.0,7.0,8.0,9.0,9.0,9.0,9.0,3.0,5.0,7.0,199.0,199.0,60.0,121.0,63.0,62.0,250.0,51.0,49.0,115.0,45.0,49.0,114.0,46.0,47.0,48.0,48.0,46.0,47.0,57.0,57.0,60.0,34.0,150.0,61.0,61.0,60.0,50.0
BRGND,50.0,49.0,50.0,52.0,51.0,50.0,138.0,138.0,89.0,89.0,91.0,215.0,54.0,61.0,59.0,62.0,52.0,61.0,58.0,,63.0,63.0,27.0,168.0,42.0,39.0,39.0,65.0,39.0,141.0,64.0,64.0,37.0,19.0,20.0,20.0,0.0,13.0,52.0,52.0,7.0,53.0,72.0,73.0,30.0,21.0,51.0,53.0,57.0,60.0,44.0,57.0,56.0,69.0,103.0,106.0,103.0,46.0,22.0,21.0,31.0,56.0,29.0,168.0,32.0,143.0,145.0,63.0,62.0,31.0,32.0,120.0,181.0,36.0,36.0,32.0,32.0,57.0,50.0,51.0,61.0,16.0,18.0,18.0,54.0,30.0,31.0,30.0,22.0,22.0,56.0,57.0,54.0,20.0,60.0,153.0,31.0,31.0,185.0,21.0,127.0,23.0,25.0,26.0,26.0,25.0,24.0,25.0,22.0,23.0,27.0,181.0,181.0,47.0,105.0,68.0,66.0,270.0,35.0,34.0,96.0,31.0,34.0,98.0,34.0,34.0,37.0,36.0,34.0,34.0,37.0,54.0,55.0,28.0,134.0,57.0,58.0,55.0,30.0
BRGRO,49.0,48.0,41.0,42.0,42.0,41.0,126.0,126.0,77.0,77.0,79.0,207.0,53.0,60.0,58.0,62.0,51.0,62.0,57.0,,63.0,63.0,32.0,155.0,34.0,37.0,36.0,68.0,32.0,129.0,53.0,53.0,50.0,32.0,33.0,33.0,13.0,0.0,44.0,44.0,20.0,48.0,75.0,76.0,18.0,32.0,46.0,48.0,55.0,60.0,36.0,56.0,54.0,72.0,91.0,94.0,91.0,59.0,29.0,27.0,18.0,54.0,29.0,155.0,20.0,130.0,132.0,66.0,65.0,29.0,31.0,108.0,168.0,25.0,25.0,24.0,22.0,47.0,44.0,45.0,63.0,29.0,31.0,31.0,51.0,19.0,18.0,17.0,31.0,31.0,54.0,70.0,50.0,31.0,60.0,141.0,18.0,44.0,172.0,34.0,115.0,34.0,37.0,39.0,39.0,37.0,35.0,37.0,35.0,36.0,40.0,168.0,168.0,39.0,92.0,71.0,69.0,283.0,32.0,31.0,84.0,30.0,31.0,86.0,28.0,26.0,31.0,30.0,27.0,27.0,27.0,53.0,52.0,28.0,122.0,56.0,58.0,52.0,17.0
BRN,38.0,21.0,8.0,9.0,7.0,8.0,106.0,108.0,52.0,48.0,55.0,215.0,33.0,36.0,32.0,34.0,34.0,40.0,31.0,,37.0,37.0,115.0,128.0,15.0,36.0,20.0,58.0,13.0,115.0,22.0,22.0,76.0,91.0,63.0,63.0,52.0,44.0,0.0,1.0,56.0,12.0,65.0,53.0,42.0,69.0,9.0,10.0,25.0,31.0,12.0,29.0,29.0,63.0,67.0,71.0,61.0,82.0,56.0,53.0,50.0,23.0,105.0,128.0,52.0,115.0,117.0,55.0,54.0,26.0,24.0,86.0,141.0,72.0,57.0,32.0,33.0,15.0,7.0,8.0,47.0,64.0,63.0,63.0,17.0,27.0,38.0,39.0,47.0,48.0,23.0,91.0,13.0,65.0,31.0,126.0,45.0,71.0,147.0,87.0,93.0,70.0,81.0,80.0,75.0,60.0,59.0,61.0,85.0,84.0,67.0,141.0,141.0,7.0,62.0,62.0,60.0,302.0,94.0,73.0,100.0,99.0,95.0,62.0,24.0,28.0,21.0,16.0,25.0,18.0,61.0,26.0,20.0,40.0,101.0,25.0,29.0,22.0,59.0
BRNA,23.0,22.0,7.0,8.0,7.0,7.0,94.0,95.0,46.0,47.0,49.0,164.0,26.0,33.0,30.0,35.0,25.0,37.0,29.0,,37.0,37.0,76.0,128.0,10.0,21.0,21.0,50.0,13.0,100.0,22.0,21.0,77.0,64.0,63.0,63.0,52.0,44.0,1.0,0.0,56.0,11.0,53.0,54.0,29.0,56.0,10.0,11.0,25.0,32.0,8.0,27.0,27.0,52.0,60.0,63.0,60.0,82.0,45.0,43.0,36.0,24.0,73.0,128.0,51.0,103.0,104.0,49.0,47.0,26.0,24.0,78.0,141.0,57.0,56.0,21.0,22.0,12.0,8.0,9.0,42.0,64.0,63.0,63.0,17.0,27.0,37.0,39.0,47.0,49.0,24.0,91.0,13.0,53.0,32.0,112.0,45.0,71.0,146.0,63.0,85.0,58.0,63.0,64.0,62.0,60.0,59.0,61.0,63.0,63.0,68.0,141.0,141.0,6.0,62.0,52.0,51.0,302.0,73.0,73.0,99.0,73.0,73.0,55.0,18.0,18.0,15.0,16.0,18.0,18.0,60.0,27.0,20.0,30.0,90.0,26.0,30.0,21.0,44.0
BRPPD,52.0,51.0,55.0,57.0,56.0,55.0,144.0,144.0,95.0,95.0,97.0,220.0,55.0,61.0,60.0,62.0,54.0,62.0,59.0,,63.0,63.0,27.0,174.0,46.0,41.0,41.0,64.0,43.0,147.0,70.0,70.0,30.0,12.0,13.0,13.0,7.0,20.0,56.0,56.0,0.0,56.0,72.0,72.0,36.0,16.0,55.0,56.0,58.0,61.0,49.0,59.0,57.0,68.0,109.0,112.0,109.0,40.0,20.0,20.0,38.0,58.0,31.0,174.0,38.0,149.0,151.0,62.0,61.0,33.0,35.0,126.0,187.0,42.0,42.0,37.0,37.0,62.0,53.0,54.0,61.0,9.0,11.0,11.0,57.0,36.0,37.0,37.0,20.0,19.0,58.0,50.0,57.0,16.0,61.0,160.0,37.0,24.0,191.0,14.0,133.0,18.0,19.0,20.0,21.0,19.0,18.0,20.0,16.0,17.0,21.0,187.0,187.0,52.0,111.0,67.0,65.0,263.0,39.0,38.0,102.0,34.0,38.0,104.0,38.0,38.0,41.0,40.0,38.0,38.0,43.0,56.0,57.0,30.0,140.0,59.0,60.0,57.0,37.0
BSMZ,26.0,12.0,18.0,21.0,18.0,18.0,118.0,120.0,64.0,56.0,67.0,227.0,21.0,24.0,20.0,24.0,22.0,28.0,19.0,,26.0,26.0,114.0,136.0,26.0,35.0,16.0,46.0,16.0,127.0,32.0,32.0,73.0,90.0,61.0,61.0,53.0,48.0,12.0,11.0,56.0,0.0,53.0,43.0,41.0,68.0,2.0,0.0,14.0,21.0,24.0,17.0,17.0,51.0,79.0,83.0,69.0,77.0,55.0,52.0,49.0,12.0,104.0,136.0,58.0,127.0,129.0,43.0,42.0,23.0,21.0,98.0,149.0,71.0,64.0,31.0,32.0,27.0,5.0,4.0,35.0,63.0,62.0,62.0,6.0,33.0,45.0,46.0,44.0,45.0,13.0,85.0,1.0,64.0,21.0,138.0,52.0,68.0,155.0,86.0,105.0,69.0,80.0,79.0,74.0,57.0,56.0,57.0,84.0,83.0,65.0,149.0,149.0,16.0,70.0,50.0,48.0,294.0,93.0,78.0,110.0,98.0,94.0,74.0,23.0,27.0,20.0,18.0,24.0,22.0,68.0,16.0,9.0,39.0,113.0,15.0,18.0,10.0,58.0
BV,44.0,32.0,60.0,74.0,59.0,60.0,171.0,173.0,117.0,95.0,120.0,280.0,39.0,29.0,33.0,18.0,40.0,25.0,34.0,,15.0,15.0,130.0,171.0,77.0,56.0,41.0,10.0,53.0,180.0,73.0,73.0,70.0,91.0,68.0,68.0,72.0,75.0,65.0,53.0,72.0,53.0,0.0,1.0,86.0,88.0,43.0,42.0,27.0,21.0,77.0,36.0,39.0,5.0,132.0,136.0,106.0,69.0,75.0,78.0,94.0,29.0,140.0,171.0,91.0,180.0,182.0,13.0,14.0,46.0,46.0,151.0,184.0,116.0,97.0,76.0,77.0,80.0,58.0,57.0,21.0,73.0,71.0,71.0,35.0,68.0,80.0,81.0,52.0,53.0,29.0,73.0,52.0,84.0,21.0,191.0,86.0,69.0,190.0,87.0,158.0,89.0,81.0,80.0,85.0,60.0,59.0,60.0,85.0,84.0,67.0,184.0,184.0,57.0,108.0,6.0,8.0,264.0,138.0,105.0,150.0,143.0,139.0,127.0,68.0,72.0,71.0,52.0,69.0,56.0,101.0,26.0,33.0,75.0,166.0,27.0,23.0,43.0,103.0
BVHC,32.0,33.0,61.0,62.0,61.0,61.0,138.0,139.0,95.0,96.0,98.0,176.0,28.0,21.0,24.0,19.0,30.0,17.0,26.0,,17.0,17.0,99.0,172.0,55.0,42.0,42.0,9.0,54.0,145.0,75.0,74.0,70.0,70.0,68.0,68.0,73.0,76.0,53.0,54.0,72.0,43.0,1.0,0.0,72.0,59.0,45.0,43.0,29.0,22.0,56.0,27.0,27.0,4.0,106.0,110.0,107.0,69.0,52.0,52.0,79.0,31.0,102.0,172.0,92.0,149.0,150.0,10.0,11.0,47.0,46.0,123.0,185.0,99.0,98.0,62.0,64.0,66.0,47.0,45.0,13.0,73.0,71.0,71.0,37.0,69.0,81.0,82.0,52.0,53.0,30.0,72.0,42.0,57.0,22.0,157.0,87.0,68.0,191.0,67.0,129.0,59.0,63.0,63.0,61.0,60.0,60.0,60.0,66.0,65.0,67.0,185.0,185.0,58.0,109.0,5.0,7.0,263.0,107.0,106.0,151.0,104.0,106.0,103.0,54.0,58.0,53.0,53.0,56.0,57.0,101.0,28.0,34.0,47.0,133.0,28.0,25.0,33.0,86.0
CL,42.0,39.0,24.0,39.0,25.0,24.0,136.0,138.0,82.0,59.0,85.0,245.0,47.0,57.0,53.0,55.0,46.0,61.0,54.0,,57.0,57.0,73.0,138.0,27.0,30.0,29.0,79.0,20.0,143.0,35.0,35.0,64.0,66.0,48.0,48.0,30.0,18.0,42.0,29.0,36.0,41.0,86.0,72.0,0.0,63.0,34.0,35.0,46.0,52.0,30.0,56.0,51.0,84.0,97.0,101.0,73.0,72.0,50.0,47.0,8.0,45.0,63.0,138.0,23.0,138.0,140.0,76.0,75.0,26.0,26.0,116.0,151.0,30.0,28.0,10.0,9.0,45.0,36.0,37.0,68.0,46.0,47.0,47.0,40.0,2.0,9.0,10.0,39.0,39.0,45.0,83.0,42.0,59.0,52.0,149.0,17.0,58.0,155.0,70.0,123.0,64.0,75.0,74.0,69.0,49.0,48.0,49.0,72.0,73.0,54.0,151.0,151.0,23.0,74.0,83.0,81.0,297.0,52.0,44.0,80.0,57.0,53.0,92.0,18.0,14.0,21.0,19.0,17.0,15.0,32.0,46.0,42.0,34.0,131.0,47.0,50.0,51.0,17.0
CPS,60.0,45.0,56.0,66.0,57.0,56.0,163.0,165.0,109.0,100.0,112.0,272.0,65.0,75.0,71.0,52.0,64.0,79.0,72.0,,53.0,53.0,61.0,180.0,54.0,48.0,37.0,78.0,44.0,172.0,73.0,73.0,21.0,22.0,10.0,10.0,21.0,32.0,69.0,56.0,16.0,68.0,88.0,59.0,63.0,0.0,52.0,52.0,51.0,52.0,57.0,74.0,69.0,83.0,124.0,128.0,114.0,28.0,13.0,16.0,71.0,51.0,71.0,180.0,52.0,172.0,174.0,75.0,76.0,30.0,32.0,143.0,193.0,93.0,57.0,53.0,54.0,72.0,63.0,64.0,83.0,14.0,12.0,12.0,51.0,43.0,48.0,48.0,9.0,8.0,51.0,39.0,69.0,4.0,52.0,183.0,50.0,16.0,198.0,18.0,150.0,1.0,12.0,11.0,6.0,5.0,4.0,6.0,16.0,15.0,12.0,193.0,193.0,53.0,115.0,82.0,80.0,253.0,82.0,54.0,116.0,77.0,81.0,119.0,45.0,49.0,48.0,40.0,46.0,40.0,58.0,47.0,51.0,29.0,158.0,51.0,51.0,76.0,80.0
CRAO,14.0,13.0,16.0,17.0,16.0,16.0,102.0,102.0,55.0,55.0,57.0,165.0,17.0,23.0,21.0,26.0,15.0,28.0,19.0,,28.0,28.0,77.0,135.0,13.0,15.0,15.0,41.0,14.0,108.0,31.0,30.0,72.0,61.0,60.0,60.0,51.0,46.0,9.0,10.0,55.0,2.0,43.0,45.0,34.0,52.0,0.0,2.0,16.0,22.0,13.0,18.0,17.0,42.0,67.0,71.0,68.0,77.0,41.0,39.0,41.0,14.0,76.0,135.0,56.0,111.0,112.0,39.0,37.0,22.0,20.0,85.0,149.0,62.0,62.0,24.0,26.0,22.0,2.0,1.0,33.0,61.0,61.0,61.0,8.0,31.0,43.0,44.0,43.0,44.0,15.0,85.0,4.0,49.0,23.0,120.0,50.0,67.0,154.0,60.0,92.0,53.0,59.0,60.0,58.0,56.0,55.0,57.0,59.0,59.0,64.0,149.0,149.0,14.0,70.0,42.0,41.0,295.0,77.0,76.0,108.0,76.0,76.0,63.0,18.0,20.0,16.0,16.0,19.0,20.0,66.0,17.0,11.0,26.0,98.0,17.0,20.0,11.0,49.0
CRAW,13.0,12.0,18.0,19.0,17.0,18.0,102.0,103.0,55.0,56.0,58.0,164.0,16.0,22.0,19.0,24.0,14.0,26.0,18.0,,26.0,26.0,79.0,136.0,15.0,16.0,16.0,40.0,16.0,108.0,32.0,31.0,73.0,62.0,61.0,61.0,53.0,48.0,10.0,11.0,56.0,0.0,42.0,43.0,35.0,52.0,2.0,0.0,15.0,21.0,15.0,16.0,16.0,41.0,68.0,72.0,69.0,77.0,41.0,40.0,43.0,13.0,77.0,136.0,58.0,111.0,113.0,38.0,36.0,23.0,21.0,86.0,149.0,64.0,63.0,25.0,27.0,23.0,4.0,3.0,31.0,62.0,62.0,62.0,7.0,33.0,44.0,46.0,44.0,45.0,13.0,85.0,2.0,50.0,21.0,120.0,52.0,68.0,154.0,61.0,92.0,54.0,60.0,61.0,59.0,57.0,56.0,57.0,60.0,60.0,64.0,149.0,149.0,16.0,70.0,41.0,40.0,294.0,78.0,78.0,110.0,78.0,78.0,64.0,20.0,22.0,17.0,17.0,21.0,21.0,67.0,16.0,9.0,27.0,98.0,15.0,19.0,10.0,51.0
DDM,7.0,7.0,32.0,33.0,32.0,32.0,113.0,114.0,68.0,69.0,71.0,167.0,4.0,8.0,5.0,10.0,5.0,12.0,3.0,,12.0,12.0,84.0,148.0,27.0,18.0,19.0,26.0,27.0,120.0,46.0,46.0,69.0,61.0,60.0,60.0,57.0,55.0,25.0,25.0,58.0,14.0,27.0,29.0,46.0,51.0,16.0,15.0,0.0,7.0,28.0,2.0,2.0,26.0,80.0,84.0,81.0,71.0,40.0,39.0,54.0,2.0,84.0,148.0,68.0,123.0,125.0,24.0,22.0,26.0,25.0,98.0,161.0,75.0,74.0,36.0,38.0,37.0,18.0,17.0,17.0,63.0,62.0,62.0,8.0,44.0,55.0,57.0,42.0,43.0,1.0,79.0,13.0,48.0,7.0,132.0,63.0,65.0,166.0,60.0,104.0,52.0,57.0,58.0,56.0,54.0,53.0,55.0,59.0,58.0,62.0,161.0,161.0,30.0,83.0,26.0,26.0,284.0,87.0,86.0,123.0,85.0,86.0,77.0,29.0,32.0,27.0,27.0,30.0,31.0,78.0,4.0,5.0,29.0,109.0,1.0,4.0,5.0,62.0
DGRW,12.0,13.0,39.0,40.0,38.0,39.0,118.0,119.0,74.0,75.0,76.0,168.0,7.0,1.0,2.0,3.0,9.0,5.0,3.0,,5.0,5.0,87.0,153.0,34.0,23.0,24.0,20.0,33.0,125.0,52.0,52.0,69.0,63.0,62.0,62.0,60.0,60.0,31.0,32.0,61.0,21.0,21.0,22.0,52.0,52.0,22.0,21.0,7.0,0.0,34.0,5.0,6.0,20.0,86.0,89.0,87.0,71.0,42.0,42.0,60.0,8.0,88.0,153.0,74.0,128.0,130.0,19.0,17.0,30.0,29.0,103.0,166.0,81.0,80.0,42.0,44.0,44.0,25.0,23.0,12.0,65.0,64.0,64.0,15.0,50.0,61.0,63.0,44.0,45.0,8.0,77.0,20.0,50.0,0.0,137.0,68.0,66.0,171.0,61.0,109.0,53.0,59.0,59.0,57.0,55.0,54.0,56.0,60.0,59.0,63.0,166.0,166.0,36.0,88.0,20.0,20.0,279.0,91.0,91.0,130.0,89.0,91.0,82.0,35.0,38.0,33.0,33.0,36.0,37.0,83.0,7.0,12.0,32.0,114.0,6.0,3.0,11.0,68.0
DLD,36.0,23.0,7.0,9.0,8.0,7.0,106.0,108.0,52.0,51.0,55.0,215.0,41.0,48.0,44.0,37.0,40.0,52.0,43.0,,40.0,40.0,103.0,132.0,3.0,24.0,17.0,70.0,6.0,115.0,25.0,24.0,71.0,79.0,57.0,57.0,44.0,36.0,12.0,8.0,49.0,24.0,77.0,56.0,30.0,57.0,13.0,15.0,28.0,34.0,0.0,41.0,41.0,75.0,67.0,71.0,65.0,77.0,44.0,41.0,38.0,26.0,93.0,132.0,44.0,115.0,117.0,67.0,66.0,20.0,19.0,86.0,145.0,60.0,49.0,20.0,21.0,15.0,19.0,20.0,59.0,57.0,57.0,57.0,20.0,19.0,30.0,32.0,42.0,43.0,27.0,86.0,25.0,53.0,35.0,126.0,38.0,65.0,150.0,75.0,93.0,58.0,69.0,68.0,63.0,54.0,53.0,55.0,73.0,72.0,61.0,145.0,145.0,4.0,66.0,74.0,72.0,299.0,82.0,65.0,96.0,87.0,83.0,62.0,12.0,16.0,9.0,9.0,13.0,10.0,53.0,28.0,23.0,28.0,101.0,29.0,32.0,34.0,47.0
DMN,14.0,8.0,34.0,38.0,34.0,34.0,135.0,137.0,81.0,71.0,84.0,244.0,9.0,7.0,3.0,8.0,10.0,11.0,2.0,,10.0,10.0,129.0,149.0,43.0,26.0,20.0,29.0,28.0,144.0,48.0,47.0,69.0,96.0,60.0,60.0,57.0,56.0,29.0,27.0,59.0,17.0,36.0,27.0,56.0,74.0,18.0,16.0,2.0,5.0,41.0,0.0,9.0,34.0,96.0,100.0,83.0,71.0,61.0,58.0,64.0,4.0,119.0,149.0,70.0,144.0,146.0,26.0,25.0,27.0,26.0,115.0,162.0,86.0,75.0,46.0,47.0,44.0,22.0,21.0,18.0,63.0,62.0,62.0,10.0,45.0,57.0,58.0,42.0,43.0,3.0,78.0,16.0,70.0,5.0,155.0,64.0,65.0,168.0,92.0,122.0,75.0,86.0,85.0,80.0,54.0,53.0,55.0,90.0,89.0,62.0,162.0,162.0,32.0,84.0,33.0,31.0,282.0,108.0,87.0,125.0,113.0,109.0,91.0,38.0,42.0,37.0,28.0,39.0,32.0,79.0,3.0,7.0,45.0,130.0,1.0,2.0,7.0,73.0
DMNZ,9.0,7.0,33.0,38.0,33.0,33.0,135.0,137.0,81.0,71.0,84.0,244.0,4.0,10.0,6.0,9.0,5.0,14.0,7.0,,11.0,11.0,124.0,150.0,42.0,21.0,18.0,32.0,27.0,144.0,48.0,47.0,67.0,91.0,59.0,59.0,56.0,54.0,29.0,27.0,57.0,17.0,39.0,27.0,51.0,69.0,17.0,16.0,2.0,6.0,41.0,9.0,0.0,37.0,96.0,100.0,83.0,69.0,56.0,53.0,59.0,4.0,114.0,150.0,68.0,144.0,146.0,29.0,28.0,25.0,24.0,115.0,163.0,81.0,74.0,41.0,42.0,44.0,22.0,21.0,21.0,61.0,60.0,60.0,10.0,44.0,56.0,57.0,40.0,42.0,3.0,76.0,16.0,65.0,6.0,155.0,63.0,63.0,169.0,87.0,122.0,70.0,81.0,80.0,75.0,52.0,51.0,53.0,85.0,84.0,60.0,163.0,163.0,31.0,85.0,36.0,34.0,281.0,103.0,86.0,124.0,108.0,104.0,91.0,33.0,37.0,36.0,27.0,34.0,31.0,78.0,2.0,7.0,40.0,130.0,2.0,3.0,7.0,68.0
DRH,42.0,30.0,58.0,72.0,58.0,58.0,169.0,171.0,115.0,95.0,118.0,278.0,37.0,27.0,31.0,17.0,38.0,23.0,32.0,,15.0,15.0,125.0,172.0,75.0,54.0,39.0,5.0,51.0,178.0,73.0,72.0,66.0,86.0,64.0,64.0,69.0,72.0,63.0,52.0,68.0,51.0,5.0,4.0,84.0,83.0,42.0,41.0,26.0,20.0,75.0,34.0,37.0,0.0,130.0,134.0,106.0,65.0,70.0,73.0,92.0,28.0,135.0,172.0,88.0,178.0,180.0,8.0,9.0,43.0,43.0,149.0,185.0,114.0,94.0,74.0,75.0,78.0,56.0,55.0,16.0,69.0,67.0,67.0,34.0,66.0,77.0,78.0,48.0,49.0,28.0,69.0,50.0,79.0,20.0,189.0,83.0,64.0,191.0,82.0,156.0,84.0,76.0,75.0,80.0,56.0,55.0,56.0,80.0,79.0,63.0,185.0,185.0,56.0,108.0,1.0,3.0,262.0,136.0,102.0,148.0,141.0,137.0,125.0,66.0,70.0,69.0,49.0,67.0,53.0,98.0,25.0,31.0,71.0,164.0,26.0,22.0,41.0,101.0
DV,103.0,80.0,57.0,58.0,56.0,57.0,39.0,41.0,15.0,13.0,12.0,171.0,100.0,103.0,99.0,89.0,101.0,107.0,98.0,,91.0,91.0,150.0,68.0,70.0,91.0,80.0,125.0,69.0,48.0,39.0,40.0,134.0,146.0,119.0,119.0,103.0,91.0,67.0,60.0,109.0,79.0,132.0,106.0,97.0,124.0,67.0,68.0,80.0,86.0,67.0,96.0,96.0,130.0,0.0,4.0,1.0,140.0,111.0,108.0,101.0,79.0,140.0,68.0,84.0,53.0,55.0,122.0,121.0,84.0,83.0,19.0,81.0,107.0,86.0,87.0,88.0,64.0,74.0,75.0,114.0,118.0,118.0,118.0,73.0,73.0,74.0,76.0,105.0,106.0,79.0,150.0,80.0,120.0,86.0,64.0,80.0,128.0,87.0,142.0,26.0,125.0,136.0,135.0,130.0,118.0,116.0,118.0,140.0,139.0,124.0,81.0,81.0,60.0,3.0,129.0,127.0,362.0,129.0,108.0,90.0,134.0,130.0,5.0,79.0,83.0,76.0,73.0,80.0,73.0,89.0,83.0,76.0,95.0,34.0,81.0,84.0,89.0,110.0
